RESULT: set_opus_comparison/32k_32bit_2c_ZDA-Q0-E1-R1024/./04-liberate.wav 32000 2 0.0 1.0 1024.0 360344.1 11.261 160229 1804299/1516566/120192/33825/133710
RESULT: set_opus_comparison/32k_32bit_2c_ZDA-Q0-E1-R1024/./03-24-Greensleeves-Korean-male-speech.441.wav 32000 2 0.0 1.0 1024.0 420598.6 13.144 279040 3667620/3128565/209280/63679/266090
RESULT: set_opus_comparison/32k_32bit_2c_ZDA-Q0-E1-R1024/./03-4-Sound-English-male.441.wav 32000 2 0.0 1.0 1024.0 394970.1 12.343 288900 3565839/3017474/216696/69003/262660
RESULT: set_opus_comparison/32k_32bit_2c_ZDA-Q0-E1-R1024/./03-25-This-is-the-end.441.wav 32000 2 0.0 1.0 1024.0 371766.6 11.618 293899 3414432/2875376/220440/64570/254040
RESULT: set_opus_comparison/32k_32bit_2c_ZDA-Q0-E1-R1024/./03-9-Have-big-expensive-car.441.wav 32000 2 0.0 1.0 1024.0 344858.6 10.777 310618 3347478/2778612/232968/67452/268440
RESULT: set_opus_comparison/32k_32bit_2c_ZDA-Q0-E1-R1024/./03-21-classic.441.wav 32000 2 0.0 1.0 1024.0 496876.0 15.527 308996 4797897/4211352/231768/59411/295360
RESULT: set_opus_comparison/32k_32bit_2c_ZDA-Q0-E1-R1024/./01-trumpet.wav 32000 2 0.0 1.0 1024.0 404002.8 12.625 320992 4052552/3420437/240744/64625/326740
RESULT: set_opus_comparison/32k_32bit_2c_ZDA-Q0-E1-R1024/./03-27-last-song-drums-and-trampets.441.wav 32000 2 0.0 1.0 1024.0 365616.5 11.426 318900 3643597/3046508/239184/63239/294660
RESULT: set_opus_comparison/32k_32bit_2c_ZDA-Q0-E1-R1024/./05-Girl_In_The_Fire__Sample_.wav 32000 2 0.0 1.0 1024.0 474115.2 14.816 439754 6515439/5690500/329832/90211/404890
RESULT: set_opus_comparison/32k_32bit_2c_ZDA-Q0-E1-R1024/./03-12-German-male-speech.441.wav 32000 2 0.0 1.0 1024.0 380068.9 11.877 250884 2979788/2497221/188184/65087/229290
RESULT: set_opus_comparison/32k_32bit_2c_ZDA-Q0-E1-R1024/./01-girl.wav 32000 2 0.0 1.0 1024.0 332970.0 10.405 510639 5313358/4275492/382992/137808/517060
RESULT: set_opus_comparison/32k_32bit_2c_ZDA-Q0-E1-R1024/./05-With_Love_(Outro).wav 32000 2 0.0 1.0 1024.0 249495.2 7.797 524900 4092501/3130971/393696/113278/454550
RESULT: set_opus_comparison/32k_32bit_2c_ZDA-Q0-E1-R1024/./02-Shinsho_pool_3min45_4min4.wav 32000 2 0.0 1.0 1024.0 497223.0 15.538 605574 9409541/8243687/454200/106458/605190
RESULT: set_opus_comparison/32k_32bit_2c_ZDA-Q0-E1-R1024/./02-Hey_Tonight.wav 32000 2 0.0 1.0 1024.0 373592.6 11.675 640000 7471853/6286201/480000/147356/558290
RESULT: set_opus_comparison/32k_32bit_2c_ZDA-Q0-E1-R1024/./02-The_Chastising_of_Renegade.wav 32000 2 0.0 1.0 1024.0 324401.9 10.138 640000 6488038/5312318/480000/136774/558940
RESULT: set_opus_comparison/32k_32bit_2c_ZDA-Q0-E1-R1024/./04-ExitMusic.wav 32000 2 0.0 1.0 1024.0 340017.9 10.626 643394 6836421/5588863/482568/149424/615560
RESULT: set_opus_comparison/32k_32bit_2c_ZDA-Q0-E1-R1024/./01-35_SQAM_glockenspiel_cut.wav 32000 2 0.0 1.0 1024.0 488236.7 15.257 750408 11449272/10182109/562824/94633/609700
RESULT: set_opus_comparison/32k_32bit_2c_ZDA-Q0-E1-R1024/./02-TrosYGareg.wav 32000 2 0.0 1.0 1024.0 369872.5 11.559 713741 8249787/6932869/535320/163262/618330
RESULT: set_opus_comparison/32k_32bit_2c_ZDA-Q0-E1-R1024/./05-Only_Time.wav 32000 2 0.0 1.0 1024.0 388507.9 12.141 789476 9584928/8068713/592128/175461/748620
RESULT: set_opus_comparison/32k_32bit_2c_ZDA-Q0-E1-R1024/./05-Last_Of_The_Mohicanz__Sample_.wav 32000 2 0.0 1.0 1024.0 348170.8 10.880 815398 8871806/7348043/611568/171039/741150
RESULT: set_opus_comparison/32k_32bit_2c_ZDA-Q0-E1-R1024/./04-bonhemian_rhapsody.wav 32000 2 0.0 1.0 1024.0 356193.6 11.131 912159 10153287/8492705/684120/194436/782020
RESULT: set_opus_comparison/32k_32bit_2c_ZDA-Q0-E1-R1024/./04-NewYorkCity.wav 32000 2 0.0 1.0 1024.0 276124.5 8.629 955175 8242100/6610689/716400/192445/722560
RESULT: set_opus_comparison/32k_32bit_2c_ZDA-Q0-E1-R1024/./01-Robots_old.wav 32000 2 0.0 1.0 1024.0 379026.9 11.845 960000 11370806/9548824/720000/204996/896980
RESULT: set_opus_comparison/32k_32bit_2c_ZDA-Q0-E1-R1024/./05-Jupiter,_the_Bringer_of_Jolity.wav 32000 2 0.0 1.0 1024.0 393076.4 12.284 935493 11491256/9799787/701640/200233/789590
RESULT: set_opus_comparison/32k_32bit_2c_ZDA-Q0-E1-R1024/./05-Changes.wav 32000 2 0.0 1.0 1024.0 420802.2 13.150 957814 12595319/10828910/718368/205205/842830
RESULT: set_opus_comparison/32k_32bit_2c_ZDA-Q0-E1-R1024/./02-Greatest_Love_of_All_2min57.wav 32000 2 0.0 1.0 1024.0 382144.3 11.942 645700 7710956/6503126/484296/143638/579890
RESULT: set_opus_comparison/32k_32bit_2c_ZDA-Q0-E1-R1024/./02-Severance__1.31-1.51_.wav 32000 2 0.0 1.0 1024.0 453263.7 14.164 640000 9065274/7859965/480000/150623/574680
RESULT: set_opus_comparison/32k_32bit_2c_ZDA-Q0-E1-R1024/./04-take_your_finger_from_my_hair.wav 32000 2 0.0 1.0 1024.0 378681.1 11.834 706946 8365847/7122282/530232/150667/562660
RESULT: set_opus_comparison/32k_32bit_2c_ZDA-Q0-E1-R1024/./02-SlavesOfFear.wav 32000 2 0.0 1.0 1024.0 286780.0 8.962 704000 6309159/5096364/528000/148929/535860
RESULT: set_opus_comparison/32k_32bit_2c_ZDA-Q0-E1-R1024/./01-SinceAlways.wav 32000 2 0.0 1.0 1024.0 325552.6 10.174 582124 5922250/4916008/436608/116908/452720
RESULT: set_opus_comparison/32k_32bit_2c_ZDA-Q0-E1-R1024/./03-15-Good-evening.441.wav 32000 2 0.0 1.0 1024.0 486962.8 15.218 274105 4171217/3655759/205584/64768/245100
RESULT: set_opus_comparison/32k_32bit_2c_ZDA-Q0-E1-R1024/./02-Asleep__4.11-4.31_.wav 32000 2 0.0 1.0 1024.0 362215.5 11.319 640000 7244310/6063745/480000/137379/563180
RESULT: set_opus_comparison/32k_32bit_2c_ZDA-Q0-E1-R1024/./04-clapton_44k.wav 32000 2 0.0 1.0 1024.0 325870.6 10.183 479566 4883639/4020932/359688/103653/399360
RESULT: set_opus_comparison/32k_32bit_2c_ZDA-Q0-E1-R1024/./05-Hotel_California.wav 32000 2 0.0 1.0 1024.0 304547.3 9.517 984390 9368540/7592776/738312/204226/833220
RESULT: set_opus_comparison/32k_32bit_2c_ZDA-Q0-E1-R1024/./01-velvet.wav 32000 2 0.0 1.0 1024.0 383648.4 11.989 380114 4557191/3866395/285096/81334/324360
RESULT: set_opus_comparison/32k_32bit_2c_ZDA-Q0-E1-R1024/./01-Waiting.wav 32000 2 0.0 1.0 1024.0 363694.4 11.365 644957 7330226/6120516/483720/173294/552690
RESULT: set_opus_comparison/32k_32bit_2c_ZDA-Q0-E1-R1024/./04-Coral.wav 32000 2 0.0 1.0 1024.0 390819.8 12.213 406434 4963827/4191822/304848/94281/372870
RESULT: set_opus_comparison/32k_32bit_2c_ZDA-Q0-E1-R1024/./01-Can't_Wait_Until_Tonight_(Dry_Wurlitzer_Mix).wav 32000 2 0.0 1.0 1024.0 349676.1 10.927 957867 10466974/8677275/718416/227117/844160
RESULT: set_opus_comparison/32k_32bit_2c_ZDA-Q0-E1-R1024/./04-sandman.wav 32000 2 0.0 1.0 1024.0 383929.4 11.998 960073 11518757/9728321/720072/209308/861050
RESULT: set_opus_comparison/32k_32bit_2c_ZDA-Q0-E1-R1024/./05-Through_The_Fire_And_Flames.wav 32000 2 0.0 1.0 1024.0 321679.7 10.052 953255 9582588/7936482/714960/200640/730500
RESULT: set_opus_comparison/32k_32bit_2c_ZDA-Q0-E2-R1024/./04-liberate.wav 32000 2 0.0 2.0 1024.0 327546.6 10.236 160229 1640077/1449846/60096/34859/95270
RESULT: set_opus_comparison/32k_32bit_2c_ZDA-Q0-E2-R1024/./03-15-Good-evening.441.wav 32000 2 0.0 2.0 1024.0 446487.1 13.953 274105 3824511/3475853/102792/64790/181070
RESULT: set_opus_comparison/32k_32bit_2c_ZDA-Q0-E2-R1024/./03-24-Greensleeves-Korean-male-speech.441.wav 32000 2 0.0 2.0 1024.0 382050.3 11.939 279040 3331479/2964870/104640/66143/195820
RESULT: set_opus_comparison/32k_32bit_2c_ZDA-Q0-E2-R1024/./03-4-Sound-English-male.441.wav 32000 2 0.0 2.0 1024.0 355564.2 11.111 288900 3210078/2841087/108360/71445/189180
RESULT: set_opus_comparison/32k_32bit_2c_ZDA-Q0-E2-R1024/./03-9-Have-big-expensive-car.441.wav 32000 2 0.0 2.0 1024.0 308159.4 9.630 310618 2991246/2621656/116496/68068/185020
RESULT: set_opus_comparison/32k_32bit_2c_ZDA-Q0-E2-R1024/./03-27-last-song-drums-and-trampets.441.wav 32000 2 0.0 2.0 1024.0 323586.6 10.112 318900 3224743/2835362/119592/63173/206610
RESULT: set_opus_comparison/32k_32bit_2c_ZDA-Q0-E2-R1024/./01-trumpet.wav 32000 2 0.0 2.0 1024.0 373827.1 11.682 320992 3749860/3298005/120384/65395/266070
RESULT: set_opus_comparison/32k_32bit_2c_ZDA-Q0-E2-R1024/./04-Coral.wav 32000 2 0.0 2.0 1024.0 349473.0 10.921 406434 4438678/3930208/152424/96470/259570
RESULT: set_opus_comparison/32k_32bit_2c_ZDA-Q0-E2-R1024/./04-clapton_44k.wav 32000 2 0.0 2.0 1024.0 293327.5 9.166 479566 4395934/3835103/179856/104489/276480
RESULT: set_opus_comparison/32k_32bit_2c_ZDA-Q0-E2-R1024/./02-Greatest_Love_of_All_2min57.wav 32000 2 0.0 2.0 1024.0 342653.6 10.708 645700 6914107/6114970/242160/143671/413300
RESULT: set_opus_comparison/32k_32bit_2c_ZDA-Q0-E2-R1024/./04-ExitMusic.wav 32000 2 0.0 2.0 1024.0 298843.1 9.339 643394 6008559/5186406/241296/152691/428160
RESULT: set_opus_comparison/32k_32bit_2c_ZDA-Q0-E2-R1024/./02-Asleep__4.11-4.31_.wav 32000 2 0.0 2.0 1024.0 324691.5 10.147 640000 6493831/5731389/240000/138006/384430
RESULT: set_opus_comparison/32k_32bit_2c_ZDA-Q0-E2-R1024/./01-Waiting.wav 32000 2 0.0 2.0 1024.0 328281.9 10.259 644957 6616490/5800711/241872/176891/397010
RESULT: set_opus_comparison/32k_32bit_2c_ZDA-Q0-E2-R1024/./02-SlavesOfFear.wav 32000 2 0.0 2.0 1024.0 257938.9 8.061 704000 5674656/4910202/264000/147818/352630
RESULT: set_opus_comparison/32k_32bit_2c_ZDA-Q0-E2-R1024/./01-35_SQAM_glockenspiel_cut.wav 32000 2 0.0 2.0 1024.0 442521.9 13.829 750408 10377249/9572090/281424/92719/431010
RESULT: set_opus_comparison/32k_32bit_2c_ZDA-Q0-E2-R1024/./02-TrosYGareg.wav 32000 2 0.0 2.0 1024.0 332371.4 10.387 713741 7413346/6555187/267672/160061/430420
RESULT: set_opus_comparison/32k_32bit_2c_ZDA-Q0-E2-R1024/./05-Only_Time.wav 32000 2 0.0 2.0 1024.0 344220.5 10.757 789476 8492306/7496554/296064/174152/525530
RESULT: set_opus_comparison/32k_32bit_2c_ZDA-Q0-E2-R1024/./05-Last_Of_The_Mohicanz__Sample_.wav 32000 2 0.0 2.0 1024.0 307400.1 9.606 815398 7832920/6833418/305784/174482/519230
RESULT: set_opus_comparison/32k_32bit_2c_ZDA-Q0-E2-R1024/./04-bonhemian_rhapsody.wav 32000 2 0.0 2.0 1024.0 316929.5 9.904 912159 9034066/7953234/342072/191664/547090
RESULT: set_opus_comparison/32k_32bit_2c_ZDA-Q0-E2-R1024/./05-Jupiter,_the_Bringer_of_Jolity.wav 32000 2 0.0 2.0 1024.0 353823.2 11.057 935493 10343723/9235786/350832/198319/558780
RESULT: set_opus_comparison/32k_32bit_2c_ZDA-Q0-E2-R1024/./05-Through_The_Fire_And_Flames.wav 32000 2 0.0 2.0 1024.0 290250.9 9.070 953255 8646349/7591999/357480/199804/497060
RESULT: set_opus_comparison/32k_32bit_2c_ZDA-Q0-E2-R1024/./04-NewYorkCity.wav 32000 2 0.0 2.0 1024.0 246746.4 7.711 955175 7365186/6340526/358200/190124/476330
RESULT: set_opus_comparison/32k_32bit_2c_ZDA-Q0-E2-R1024/./01-Can't_Wait_Until_Tonight_(Dry_Wurlitzer_Mix).wav 32000 2 0.0 2.0 1024.0 313655.3 9.802 957867 9388752/8199641/359208/231847/598050
RESULT: set_opus_comparison/32k_32bit_2c_ZDA-Q0-E2-R1024/./05-With_Love_(Outro).wav 32000 2 0.0 2.0 1024.0 221142.0 6.911 524900 3627420/2988068/196848/112398/330100
RESULT: set_opus_comparison/32k_32bit_2c_ZDA-Q0-E2-R1024/./05-Hotel_California.wav 32000 2 0.0 2.0 1024.0 270465.3 8.452 984390 8320105/7183847/369168/203984/563100
RESULT: set_opus_comparison/32k_32bit_2c_ZDA-Q0-E2-R1024/./01-SinceAlways.wav 32000 2 0.0 2.0 1024.0 294928.4 9.217 582124 5365154/4715889/218304/117095/313860
RESULT: set_opus_comparison/32k_32bit_2c_ZDA-Q0-E2-R1024/./05-Changes.wav 32000 2 0.0 2.0 1024.0 379109.3 11.847 957814 11347382/10198665/359184/205557/583970
RESULT: set_opus_comparison/32k_32bit_2c_ZDA-Q0-E2-R1024/./03-25-This-is-the-end.441.wav 32000 2 0.0 2.0 1024.0 335345.8 10.480 293899 3079931/2730854/110232/64119/174720
RESULT: set_opus_comparison/32k_32bit_2c_ZDA-Q0-E2-R1024/./03-21-classic.441.wav 32000 2 0.0 2.0 1024.0 450386.9 14.075 308996 4348992/3958666/115896/58344/216080
RESULT: set_opus_comparison/32k_32bit_2c_ZDA-Q0-E2-R1024/./02-Shinsho_pool_3min45_4min4.wav 32000 2 0.0 2.0 1024.0 448175.2 14.005 605574 8481352/7719719/227112/102795/431720
RESULT: set_opus_comparison/32k_32bit_2c_ZDA-Q0-E2-R1024/./04-sandman.wav 32000 2 0.0 2.0 1024.0 345694.8 10.803 960073 10371632/9201160/360048/209748/600670
RESULT: set_opus_comparison/32k_32bit_2c_ZDA-Q0-E2-R1024/./02-Severance__1.31-1.51_.wav 32000 2 0.0 2.0 1024.0 413628.1 12.926 640000 8272562/7485234/240000/155342/391980
RESULT: set_opus_comparison/32k_32bit_2c_ZDA-Q0-E2-R1024/./02-The_Chastising_of_Renegade.wav 32000 2 0.0 2.0 1024.0 288559.8 9.017 640000 5771197/5004124/240000/136917/390150
RESULT: set_opus_comparison/32k_32bit_2c_ZDA-Q0-E2-R1024/./03-12-German-male-speech.441.wav 32000 2 0.0 2.0 1024.0 342792.9 10.712 250884 2687539/2357912/94104/67947/167570
RESULT: set_opus_comparison/32k_32bit_2c_ZDA-Q0-E2-R1024/./02-Hey_Tonight.wav 32000 2 0.0 2.0 1024.0 338400.2 10.575 640000 6768005/5979532/240000/149237/399230
RESULT: set_opus_comparison/32k_32bit_2c_ZDA-Q0-E2-R1024/./01-girl.wav 32000 2 0.0 2.0 1024.0 295711.4 9.241 510639 4718805/4002055/191496/140668/384580
RESULT: set_opus_comparison/32k_32bit_2c_ZDA-Q0-E2-R1024/./04-take_your_finger_from_my_hair.wav 32000 2 0.0 2.0 1024.0 345513.1 10.797 706946 7633096/6833443/265128/148819/385700
RESULT: set_opus_comparison/32k_32bit_2c_ZDA-Q0-E2-R1024/./01-velvet.wav 32000 2 0.0 2.0 1024.0 345697.6 10.803 380114 4106390/3651711/142560/83853/228260
RESULT: set_opus_comparison/32k_32bit_2c_ZDA-Q0-E2-R1024/./05-Girl_In_The_Fire__Sample_.wav 32000 2 0.0 2.0 1024.0 432537.4 13.517 439754 5944064/5401091/164928/89639/288400
RESULT: set_opus_comparison/32k_32bit_2c_ZDA-Q0-E2-R1024/./01-Robots_old.wav 32000 2 0.0 2.0 1024.0 333886.1 10.434 960000 10016584/8817374/360000/205964/633240
RESULT: set_opus_comparison/32k_32bit_2c_ZDA-Q0-E4-R1024/./04-liberate.wav 32000 2 0.0 4.0 1024.0 306295.2 9.572 160229 1533668/1396086/30048/32208/75320
RESULT: set_opus_comparison/32k_32bit_2c_ZDA-Q0-E4-R1024/./03-4-Sound-English-male.441.wav 32000 2 0.0 4.0 1024.0 332704.3 10.397 288900 3003696/2733929/54192/68629/146940
RESULT: set_opus_comparison/32k_32bit_2c_ZDA-Q0-E4-R1024/./03-25-This-is-the-end.441.wav 32000 2 0.0 4.0 1024.0 313091.5 9.784 293899 2875540/2629427/55128/59499/131480
RESULT: set_opus_comparison/32k_32bit_2c_ZDA-Q0-E4-R1024/./03-21-classic.441.wav 32000 2 0.0 4.0 1024.0 421374.9 13.168 308996 4068849/3786377/57960/52536/171970
RESULT: set_opus_comparison/32k_32bit_2c_ZDA-Q0-E4-R1024/./03-9-Have-big-expensive-car.441.wav 32000 2 0.0 4.0 1024.0 287640.0 8.989 310618 2792068/2532502/58248/63712/137600
RESULT: set_opus_comparison/32k_32bit_2c_ZDA-Q0-E4-R1024/./04-Coral.wav 32000 2 0.0 4.0 1024.0 326416.9 10.201 406434 4145842/3782684/76224/91498/195430
RESULT: set_opus_comparison/32k_32bit_2c_ZDA-Q0-E4-R1024/./04-clapton_44k.wav 32000 2 0.0 4.0 1024.0 274618.0 8.582 479566 4115546/3719271/89928/97911/208430
RESULT: set_opus_comparison/32k_32bit_2c_ZDA-Q0-E4-R1024/./05-With_Love_(Outro).wav 32000 2 0.0 4.0 1024.0 204801.6 6.400 524900 3359387/2892545/98424/105732/262680
RESULT: set_opus_comparison/32k_32bit_2c_ZDA-Q0-E4-R1024/./01-girl.wav 32000 2 0.0 4.0 1024.0 272884.6 8.528 510639 4354548/3820921/95760/134321/303540
RESULT: set_opus_comparison/32k_32bit_2c_ZDA-Q0-E4-R1024/./01-SinceAlways.wav 32000 2 0.0 4.0 1024.0 278589.9 8.706 582124 5067933/4607047/109152/108658/243070
RESULT: set_opus_comparison/32k_32bit_2c_ZDA-Q0-E4-R1024/./01-Waiting.wav 32000 2 0.0 4.0 1024.0 308792.5 9.650 644957 6223684/5617021/120936/170731/314990
RESULT: set_opus_comparison/32k_32bit_2c_ZDA-Q0-E4-R1024/./02-Asleep__4.11-4.31_.wav 32000 2 0.0 4.0 1024.0 302977.2 9.468 640000 6059544/5528107/120000/127171/284260
RESULT: set_opus_comparison/32k_32bit_2c_ZDA-Q0-E4-R1024/./02-The_Chastising_of_Renegade.wav 32000 2 0.0 4.0 1024.0 267283.2 8.353 640000 5345665/4802301/120000/129008/294350
RESULT: set_opus_comparison/32k_32bit_2c_ZDA-Q0-E4-R1024/./04-ExitMusic.wav 32000 2 0.0 4.0 1024.0 274679.9 8.584 643394 5522731/4940855/120648/145002/316220
RESULT: set_opus_comparison/32k_32bit_2c_ZDA-Q0-E4-R1024/./02-Greatest_Love_of_All_2min57.wav 32000 2 0.0 4.0 1024.0 319543.7 9.986 645700 6447792/5871601/121080/134365/320740
RESULT: set_opus_comparison/32k_32bit_2c_ZDA-Q0-E4-R1024/./04-take_your_finger_from_my_hair.wav 32000 2 0.0 4.0 1024.0 325027.8 10.157 706946 7180534/6621829/132576/135003/291120
RESULT: set_opus_comparison/32k_32bit_2c_ZDA-Q0-E4-R1024/./02-SlavesOfFear.wav 32000 2 0.0 4.0 1024.0 239337.7 7.479 704000 5265429/4737681/132000/136202/259540
RESULT: set_opus_comparison/32k_32bit_2c_ZDA-Q0-E4-R1024/./02-TrosYGareg.wav 32000 2 0.0 4.0 1024.0 312028.3 9.751 713741 6959605/6357278/133848/145673/322800
RESULT: set_opus_comparison/32k_32bit_2c_ZDA-Q0-E4-R1024/./03-12-German-male-speech.441.wav 32000 2 0.0 4.0 1024.0 320560.8 10.018 250884 2513237/2267380/47064/65857/132930
RESULT: set_opus_comparison/32k_32bit_2c_ZDA-Q0-E4-R1024/./03-24-Greensleeves-Korean-male-speech.441.wav 32000 2 0.0 4.0 1024.0 359604.1 11.238 279040 3135748/2861037/52320/64295/158090
RESULT: set_opus_comparison/32k_32bit_2c_ZDA-Q0-E4-R1024/./05-Only_Time.wav 32000 2 0.0 4.0 1024.0 317167.8 9.911 789476 7824887/7124104/148032/161205/391540
RESULT: set_opus_comparison/32k_32bit_2c_ZDA-Q0-E4-R1024/./05-Last_Of_The_Mohicanz__Sample_.wav 32000 2 0.0 4.0 1024.0 281678.4 8.802 815398 7177499/6489868/152904/166331/368390
RESULT: set_opus_comparison/32k_32bit_2c_ZDA-Q0-E4-R1024/./05-Jupiter,_the_Bringer_of_Jolity.wav 32000 2 0.0 4.0 1024.0 331098.2 10.347 935493 9679376/8888085/175416/183909/431960
RESULT: set_opus_comparison/32k_32bit_2c_ZDA-Q0-E4-R1024/./05-Changes.wav 32000 2 0.0 4.0 1024.0 356385.4 11.137 957814 10667216/9868738/179592/192060/426820
RESULT: set_opus_comparison/32k_32bit_2c_ZDA-Q0-E4-R1024/./05-Through_The_Fire_And_Flames.wav 32000 2 0.0 4.0 1024.0 272098.0 8.503 953255 8105586/7367386/178752/184052/375390
RESULT: set_opus_comparison/32k_32bit_2c_ZDA-Q0-E4-R1024/./01-Can't_Wait_Until_Tonight_(Dry_Wurlitzer_Mix).wav 32000 2 0.0 4.0 1024.0 293288.2 9.165 957867 8779097/7915069/179616/219406/465000
RESULT: set_opus_comparison/32k_32bit_2c_ZDA-Q0-E4-R1024/./03-15-Good-evening.441.wav 32000 2 0.0 4.0 1024.0 422801.0 13.213 274105 3621621/3364882/51408/61215/144110
RESULT: set_opus_comparison/32k_32bit_2c_ZDA-Q0-E4-R1024/./04-sandman.wav 32000 2 0.0 4.0 1024.0 321500.5 10.047 960073 9645748/8820627/180024/194821/450270
RESULT: set_opus_comparison/32k_32bit_2c_ZDA-Q0-E4-R1024/./02-Shinsho_pool_3min45_4min4.wav 32000 2 0.0 4.0 1024.0 416499.4 13.016 605574 7881912/7356974/113568/90244/321120
RESULT: set_opus_comparison/32k_32bit_2c_ZDA-Q0-E4-R1024/./01-trumpet.wav 32000 2 0.0 4.0 1024.0 355108.6 11.097 320992 3562094/3203841/60192/60445/237610
RESULT: set_opus_comparison/32k_32bit_2c_ZDA-Q0-E4-R1024/./05-Girl_In_The_Fire__Sample_.wav 32000 2 0.0 4.0 1024.0 409269.9 12.790 439754 5624315/5236884/82464/82621/222340
RESULT: set_opus_comparison/32k_32bit_2c_ZDA-Q0-E4-R1024/./01-velvet.wav 32000 2 0.0 4.0 1024.0 320767.6 10.024 380114 3810258/3491479/71280/81213/166280
RESULT: set_opus_comparison/32k_32bit_2c_ZDA-Q0-E4-R1024/./02-Severance__1.31-1.51_.wav 32000 2 0.0 4.0 1024.0 392602.2 12.269 640000 7852045/7291112/120000/149897/291030
RESULT: set_opus_comparison/32k_32bit_2c_ZDA-Q0-E4-R1024/./02-Hey_Tonight.wav 32000 2 0.0 4.0 1024.0 317012.5 9.907 640000 6340250/5767677/120000/138567/314000
RESULT: set_opus_comparison/32k_32bit_2c_ZDA-Q0-E4-R1024/./04-NewYorkCity.wav 32000 2 0.0 4.0 1024.0 231175.2 7.224 955175 6900399/6193194/179112/175637/352450
RESULT: set_opus_comparison/32k_32bit_2c_ZDA-Q0-E4-R1024/./03-27-last-song-drums-and-trampets.441.wav 32000 2 0.0 4.0 1024.0 299058.3 9.346 318900 2980303/2705412/59808/58157/156920
RESULT: set_opus_comparison/32k_32bit_2c_ZDA-Q0-E4-R1024/./05-Hotel_California.wav 32000 2 0.0 4.0 1024.0 250634.1 7.832 984390 7710053/6924881/184584/188782/411800
RESULT: set_opus_comparison/32k_32bit_2c_ZDA-Q0-E4-R1024/./01-35_SQAM_glockenspiel_cut.wav 32000 2 0.0 4.0 1024.0 409952.2 12.811 750408 9613482/9082777/140712/82577/307410
RESULT: set_opus_comparison/32k_32bit_2c_ZDA-Q0-E4-R1024/./04-bonhemian_rhapsody.wav 32000 2 0.0 4.0 1024.0 296143.4 9.254 912159 8441559/7677023/171048/177012/416470
RESULT: set_opus_comparison/32k_32bit_2c_ZDA-Q0-E4-R1024/./01-Robots_old.wav 32000 2 0.0 4.0 1024.0 305324.8 9.541 960000 9159743/8320827/180000/192940/465970
RESULT: set_opus_comparison/32k_32bit_2c_ZDA-Q0-E8-R1024/./04-liberate.wav 32000 2 0.0 8.0 1024.0 295654.6 9.239 160229 1480389/1369728/15024/30921/64710
RESULT: set_opus_comparison/32k_32bit_2c_ZDA-Q0-E8-R1024/./03-12-German-male-speech.441.wav 32000 2 0.0 8.0 1024.0 308030.4 9.626 250884 2414997/2210793/23544/64614/116040
RESULT: set_opus_comparison/32k_32bit_2c_ZDA-Q0-E8-R1024/./03-15-Good-evening.441.wav 32000 2 0.0 8.0 1024.0 410004.3 12.813 274105 3512007/3300472/25704/58905/126920
RESULT: set_opus_comparison/32k_32bit_2c_ZDA-Q0-E8-R1024/./03-25-This-is-the-end.441.wav 32000 2 0.0 8.0 1024.0 301644.7 9.426 293899 2770409/2575787/27576/56320/110720
RESULT: set_opus_comparison/32k_32bit_2c_ZDA-Q0-E8-R1024/./03-21-classic.441.wav 32000 2 0.0 8.0 1024.0 405701.8 12.678 308996 3917507/3689914/28992/48565/150030
RESULT: set_opus_comparison/32k_32bit_2c_ZDA-Q0-E8-R1024/./03-9-Have-big-expensive-car.441.wav 32000 2 0.0 8.0 1024.0 276210.3 8.632 310618 2681122/2477864/29136/61336/112780
RESULT: set_opus_comparison/32k_32bit_2c_ZDA-Q0-E8-R1024/./03-27-last-song-drums-and-trampets.441.wav 32000 2 0.0 8.0 1024.0 286805.4 8.963 318900 2858195/2640230/29904/55165/132890
RESULT: set_opus_comparison/32k_32bit_2c_ZDA-Q0-E8-R1024/./01-trumpet.wav 32000 2 0.0 8.0 1024.0 347789.7 10.868 320992 3488678/3175738/30096/57398/225440
RESULT: set_opus_comparison/32k_32bit_2c_ZDA-Q0-E8-R1024/./01-velvet.wav 32000 2 0.0 8.0 1024.0 307237.3 9.601 380114 3649537/3402474/35640/78287/133130
RESULT: set_opus_comparison/32k_32bit_2c_ZDA-Q0-E8-R1024/./05-Girl_In_The_Fire__Sample_.wav 32000 2 0.0 8.0 1024.0 394723.9 12.335 439754 5424419/5114194/41232/78067/190920
RESULT: set_opus_comparison/32k_32bit_2c_ZDA-Q0-E8-R1024/./01-girl.wav 32000 2 0.0 8.0 1024.0 259865.3 8.121 510639 4146792/3709235/47880/130911/258760
RESULT: set_opus_comparison/32k_32bit_2c_ZDA-Q0-E8-R1024/./02-The_Chastising_of_Renegade.wav 32000 2 0.0 8.0 1024.0 255993.8 8.000 640000 5119875/4692209/60000/123200/244460
RESULT: set_opus_comparison/32k_32bit_2c_ZDA-Q0-E8-R1024/./02-Asleep__4.11-4.31_.wav 32000 2 0.0 8.0 1024.0 291497.0 9.109 640000 5829941/5415855/60000/121220/232860
RESULT: set_opus_comparison/32k_32bit_2c_ZDA-Q0-E8-R1024/./02-Greatest_Love_of_All_2min57.wav 32000 2 0.0 8.0 1024.0 308262.8 9.633 645700 6220166/5756122/60552/128986/274500
RESULT: set_opus_comparison/32k_32bit_2c_ZDA-Q0-E8-R1024/./04-ExitMusic.wav 32000 2 0.0 8.0 1024.0 262007.2 8.188 643394 5267933/4809046/60336/137885/260660
RESULT: set_opus_comparison/32k_32bit_2c_ZDA-Q0-E8-R1024/./01-Waiting.wav 32000 2 0.0 8.0 1024.0 298204.8 9.319 644957 6010289/5509786/60480/164747/275270
RESULT: set_opus_comparison/32k_32bit_2c_ZDA-Q0-E8-R1024/./02-Hey_Tonight.wav 32000 2 0.0 8.0 1024.0 308286.0 9.634 640000 6165720/5701312/60000/133452/270950
RESULT: set_opus_comparison/32k_32bit_2c_ZDA-Q0-E8-R1024/./01-35_SQAM_glockenspiel_cut.wav 32000 2 0.0 8.0 1024.0 390254.6 12.195 750408 9151567/8779507/70368/74426/227260
RESULT: set_opus_comparison/32k_32bit_2c_ZDA-Q0-E8-R1024/./02-TrosYGareg.wav 32000 2 0.0 8.0 1024.0 302104.4 9.441 713741 6738259/6263272/66936/137555/270490
RESULT: set_opus_comparison/32k_32bit_2c_ZDA-Q0-E8-R1024/./05-Last_Of_The_Mohicanz__Sample_.wav 32000 2 0.0 8.0 1024.0 266355.2 8.324 815398 6787048/6270759/76464/159599/280220
RESULT: set_opus_comparison/32k_32bit_2c_ZDA-Q0-E8-R1024/./04-Coral.wav 32000 2 0.0 8.0 1024.0 316166.5 9.880 406434 4015650/3727457/38112/88605/161470
RESULT: set_opus_comparison/32k_32bit_2c_ZDA-Q0-E8-R1024/./04-bonhemian_rhapsody.wav 32000 2 0.0 8.0 1024.0 285238.4 8.914 912159 8130712/7525295/85536/169015/350860
RESULT: set_opus_comparison/32k_32bit_2c_ZDA-Q0-E8-R1024/./05-Changes.wav 32000 2 0.0 8.0 1024.0 343583.6 10.737 957814 10284036/9669607/89808/184745/339870
RESULT: set_opus_comparison/32k_32bit_2c_ZDA-Q0-E8-R1024/./04-sandman.wav 32000 2 0.0 8.0 1024.0 310244.5 9.695 960073 9308044/8657367/90024/186747/373900
RESULT: set_opus_comparison/32k_32bit_2c_ZDA-Q0-E8-R1024/./01-Can't_Wait_Until_Tonight_(Dry_Wurlitzer_Mix).wav 32000 2 0.0 8.0 1024.0 281818.8 8.807 957867 8435780/7738842/89808/210914/396210
RESULT: set_opus_comparison/32k_32bit_2c_ZDA-Q0-E8-R1024/./03-24-Greensleeves-Korean-male-speech.441.wav 32000 2 0.0 8.0 1024.0 347092.5 10.847 279040 3026647/2798236/26160/62755/139490
RESULT: set_opus_comparison/32k_32bit_2c_ZDA-Q0-E8-R1024/./02-SlavesOfFear.wav 32000 2 0.0 8.0 1024.0 231305.5 7.228 704000 5088721/4678555/66000/130240/213920
RESULT: set_opus_comparison/32k_32bit_2c_ZDA-Q0-E8-R1024/./04-take_your_finger_from_my_hair.wav 32000 2 0.0 8.0 1024.0 315194.9 9.850 706946 6963305/6523592/66288/127919/245500
RESULT: set_opus_comparison/32k_32bit_2c_ZDA-Q0-E8-R1024/./05-Jupiter,_the_Bringer_of_Jolity.wav 32000 2 0.0 8.0 1024.0 319839.3 9.995 935493 9350232/8720102/87720/174614/367790
RESULT: set_opus_comparison/32k_32bit_2c_ZDA-Q0-E8-R1024/./04-NewYorkCity.wav 32000 2 0.0 8.0 1024.0 222808.7 6.963 955175 6650666/6104276/89568/167596/289220
RESULT: set_opus_comparison/32k_32bit_2c_ZDA-Q0-E8-R1024/./03-4-Sound-English-male.441.wav 32000 2 0.0 8.0 1024.0 321233.3 10.039 288900 2900134/2678725/27096/66957/127350
RESULT: set_opus_comparison/32k_32bit_2c_ZDA-Q0-E8-R1024/./04-clapton_44k.wav 32000 2 0.0 8.0 1024.0 263332.8 8.229 479566 3946421/3635141/44976/93368/172930
RESULT: set_opus_comparison/32k_32bit_2c_ZDA-Q0-E8-R1024/./05-Through_The_Fire_And_Flames.wav 32000 2 0.0 8.0 1024.0 263266.3 8.227 953255 7842498/7264274/89376/174702/314140
RESULT: set_opus_comparison/32k_32bit_2c_ZDA-Q0-E8-R1024/./02-Severance__1.31-1.51_.wav 32000 2 0.0 8.0 1024.0 378540.5 11.829 640000 7570810/7126055/60000/145739/239010
RESULT: set_opus_comparison/32k_32bit_2c_ZDA-Q0-E8-R1024/./02-Shinsho_pool_3min45_4min4.wav 32000 2 0.0 8.0 1024.0 396866.8 12.402 605574 7510381/7110889/56784/81422/261280
RESULT: set_opus_comparison/32k_32bit_2c_ZDA-Q0-E8-R1024/./05-Only_Time.wav 32000 2 0.0 8.0 1024.0 304420.9 9.513 789476 7510405/6960780/74016/155023/320580
RESULT: set_opus_comparison/32k_32bit_2c_ZDA-Q0-E8-R1024/./05-Hotel_California.wav 32000 2 0.0 8.0 1024.0 239353.0 7.480 984390 7363021/6760619/92304/178662/331430
RESULT: set_opus_comparison/32k_32bit_2c_ZDA-Q0-E8-R1024/./05-With_Love_(Outro).wav 32000 2 0.0 8.0 1024.0 196537.1 6.142 524900 3223823/2845852/49224/100771/227970
RESULT: set_opus_comparison/32k_32bit_2c_ZDA-Q0-E8-R1024/./01-SinceAlways.wav 32000 2 0.0 8.0 1024.0 266993.3 8.344 582124 4856976/4491743/54576/103411/207240
RESULT: set_opus_comparison/32k_32bit_2c_ZDA-Q0-E8-R1024/./01-Robots_old.wav 32000 2 0.0 8.0 1024.0 291257.7 9.102 960000 8737732/8085737/90000/186109/375880
RESULT: set_opus_comparison/32k_32bit_2c_ZDA-Q0-E16-R1024/./04-liberate.wav 32000 2 0.0 16.0 1024.0 291796.6 9.119 160229 1461071/1364261/7512/30272/59020
RESULT: set_opus_comparison/32k_32bit_2c_ZDA-Q0-E16-R1024/./03-12-German-male-speech.441.wav 32000 2 0.0 16.0 1024.0 302256.8 9.446 250884 2369731/2187213/11784/63778/106950
RESULT: set_opus_comparison/32k_32bit_2c_ZDA-Q0-E16-R1024/./03-15-Good-evening.441.wav 32000 2 0.0 16.0 1024.0 403164.6 12.599 274105 3453420/3264687/12864/57893/117970
RESULT: set_opus_comparison/32k_32bit_2c_ZDA-Q0-E16-R1024/./03-24-Greensleeves-Korean-male-speech.441.wav 32000 2 0.0 16.0 1024.0 340952.6 10.655 279040 2973107/2769225/13080/61556/129240
RESULT: set_opus_comparison/32k_32bit_2c_ZDA-Q0-E16-R1024/./03-4-Sound-English-male.441.wav 32000 2 0.0 16.0 1024.0 314784.1 9.837 288900 2841910/2645879/13560/66275/116190
RESULT: set_opus_comparison/32k_32bit_2c_ZDA-Q0-E16-R1024/./03-25-This-is-the-end.441.wav 32000 2 0.0 16.0 1024.0 296159.6 9.255 293899 2720032/2551820/13800/54846/99560
RESULT: set_opus_comparison/32k_32bit_2c_ZDA-Q0-E16-R1024/./01-velvet.wav 32000 2 0.0 16.0 1024.0 301541.0 9.423 380114 3581874/3370553/17832/78243/115240
RESULT: set_opus_comparison/32k_32bit_2c_ZDA-Q0-E16-R1024/./04-Coral.wav 32000 2 0.0 16.0 1024.0 309691.2 9.678 406434 3933407/3682301/19056/87494/144550
RESULT: set_opus_comparison/32k_32bit_2c_ZDA-Q0-E16-R1024/./05-Girl_In_The_Fire__Sample_.wav 32000 2 0.0 16.0 1024.0 388463.7 12.139 439754 5338389/5066909/20616/76208/174650
RESULT: set_opus_comparison/32k_32bit_2c_ZDA-Q0-E16-R1024/./05-With_Love_(Outro).wav 32000 2 0.0 16.0 1024.0 192305.7 6.010 524900 3154414/2821990/24624/99154/208640
RESULT: set_opus_comparison/32k_32bit_2c_ZDA-Q0-E16-R1024/./02-Hey_Tonight.wav 32000 2 0.0 16.0 1024.0 301973.5 9.437 640000 6039471/5630348/30000/130537/248580
RESULT: set_opus_comparison/32k_32bit_2c_ZDA-Q0-E16-R1024/./04-ExitMusic.wav 32000 2 0.0 16.0 1024.0 256542.3 8.017 643394 5158056/4758687/30168/136455/232740
RESULT: set_opus_comparison/32k_32bit_2c_ZDA-Q0-E16-R1024/./02-The_Chastising_of_Renegade.wav 32000 2 0.0 16.0 1024.0 251607.3 7.863 640000 5032146/4659324/30000/120296/222520
RESULT: set_opus_comparison/32k_32bit_2c_ZDA-Q0-E16-R1024/./02-Severance__1.31-1.51_.wav 32000 2 0.0 16.0 1024.0 373285.2 11.665 640000 7465704/7078449/30000/143209/214040
RESULT: set_opus_comparison/32k_32bit_2c_ZDA-Q0-E16-R1024/./01-Waiting.wav 32000 2 0.0 16.0 1024.0 293506.8 9.172 644957 5915602/5468126/30240/162030/255200
RESULT: set_opus_comparison/32k_32bit_2c_ZDA-Q0-E16-R1024/./01-35_SQAM_glockenspiel_cut.wav 32000 2 0.0 16.0 1024.0 379654.1 11.864 750408 8902984/8612157/35184/69707/185930
RESULT: set_opus_comparison/32k_32bit_2c_ZDA-Q0-E16-R1024/./04-take_your_finger_from_my_hair.wav 32000 2 0.0 16.0 1024.0 311939.5 9.748 706946 6891388/6510217/33144/124751/223270
RESULT: set_opus_comparison/32k_32bit_2c_ZDA-Q0-E16-R1024/./02-TrosYGareg.wav 32000 2 0.0 16.0 1024.0 294011.9 9.188 713741 6557761/6148432/33480/133133/242710
RESULT: set_opus_comparison/32k_32bit_2c_ZDA-Q0-E16-R1024/./03-21-classic.441.wav 32000 2 0.0 16.0 1024.0 398734.1 12.460 308996 3850226/3648711/14496/46563/140450
RESULT: set_opus_comparison/32k_32bit_2c_ZDA-Q0-E16-R1024/./03-27-last-song-drums-and-trampets.441.wav 32000 2 0.0 16.0 1024.0 279871.4 8.746 318900 2789093/2600538/14952/53977/119620
RESULT: set_opus_comparison/32k_32bit_2c_ZDA-Q0-E16-R1024/./01-trumpet.wav 32000 2 0.0 16.0 1024.0 343722.8 10.741 320992 3447883/3158514/15048/56155/218160
RESULT: set_opus_comparison/32k_32bit_2c_ZDA-Q0-E16-R1024/./05-Only_Time.wav 32000 2 0.0 16.0 1024.0 297886.1 9.309 789476 7349185/6873692/37008/151349/287130
RESULT: set_opus_comparison/32k_32bit_2c_ZDA-Q0-E16-R1024/./05-Jupiter,_the_Bringer_of_Jolity.wav 32000 2 0.0 16.0 1024.0 313775.8 9.805 935493 9172972/8625634/43872/168410/335050
RESULT: set_opus_comparison/32k_32bit_2c_ZDA-Q0-E16-R1024/./04-NewYorkCity.wav 32000 2 0.0 16.0 1024.0 218259.3 6.821 955175 6514869/6047062/44784/164307/258710
RESULT: set_opus_comparison/32k_32bit_2c_ZDA-Q0-E16-R1024/./01-Robots_old.wav 32000 2 0.0 16.0 1024.0 283028.1 8.845 960000 8490843/7933852/45000/180785/331200
RESULT: set_opus_comparison/32k_32bit_2c_ZDA-Q0-E16-R1024/./05-Changes.wav 32000 2 0.0 16.0 1024.0 336148.1 10.505 957814 10061480/9539798/44904/179982/296790
RESULT: set_opus_comparison/32k_32bit_2c_ZDA-Q0-E16-R1024/./01-Can't_Wait_Until_Tonight_(Dry_Wurlitzer_Mix).wav 32000 2 0.0 16.0 1024.0 276492.8 8.640 957867 8276354/7664324/44904/207900/359220
RESULT: set_opus_comparison/32k_32bit_2c_ZDA-Q0-E16-R1024/./02-Asleep__4.11-4.31_.wav 32000 2 0.0 16.0 1024.0 287231.8 8.976 640000 5744635/5389830/30000/118019/206780
RESULT: set_opus_comparison/32k_32bit_2c_ZDA-Q0-E16-R1024/./04-clapton_44k.wav 32000 2 0.0 16.0 1024.0 258697.3 8.084 479566 3876951/3605934/22488/91993/156530
RESULT: set_opus_comparison/32k_32bit_2c_ZDA-Q0-E16-R1024/./05-Hotel_California.wav 32000 2 0.0 16.0 1024.0 235471.8 7.358 984390 7243628/6727334/46152/174966/295170
RESULT: set_opus_comparison/32k_32bit_2c_ZDA-Q0-E16-R1024/./02-Shinsho_pool_3min45_4min4.wav 32000 2 0.0 16.0 1024.0 387722.1 12.116 605574 7337326/7001052/28392/76846/231030
RESULT: set_opus_comparison/32k_32bit_2c_ZDA-Q0-E16-R1024/./01-girl.wav 32000 2 0.0 16.0 1024.0 254091.0 7.940 510639 4054649/3667206/23952/129195/234290
RESULT: set_opus_comparison/32k_32bit_2c_ZDA-Q0-E16-R1024/./02-Greatest_Love_of_All_2min57.wav 32000 2 0.0 16.0 1024.0 302836.4 9.464 645700 6110670/5704635/30288/125301/250440
RESULT: set_opus_comparison/32k_32bit_2c_ZDA-Q0-E16-R1024/./02-SlavesOfFear.wav 32000 2 0.0 16.0 1024.0 226827.6 7.088 704000 4990207/4640657/33000/126984/189560
RESULT: set_opus_comparison/32k_32bit_2c_ZDA-Q0-E16-R1024/./03-9-Have-big-expensive-car.441.wav 32000 2 0.0 16.0 1024.0 270690.4 8.459 310618 2627541/2452252/14568/59895/100820
RESULT: set_opus_comparison/32k_32bit_2c_ZDA-Q0-E16-R1024/./05-Through_The_Fire_And_Flames.wav 32000 2 0.0 16.0 1024.0 258759.0 8.086 953255 7708229/7210230/44688/170555/282750
RESULT: set_opus_comparison/32k_32bit_2c_ZDA-Q0-E16-R1024/./01-SinceAlways.wav 32000 2 0.0 16.0 1024.0 263427.9 8.232 582124 4792115/4475362/27288/100419/189040
RESULT: set_opus_comparison/32k_32bit_2c_ZDA-Q0-E16-R1024/./04-sandman.wav 32000 2 0.0 16.0 1024.0 305622.2 9.551 960073 9169364/8604597/45024/183557/336180
RESULT: set_opus_comparison/32k_32bit_2c_ZDA-Q0-E16-R1024/./05-Last_Of_The_Mohicanz__Sample_.wav 32000 2 0.0 16.0 1024.0 259457.4 8.108 815398 6611283/6177285/38232/158070/237690
RESULT: set_opus_comparison/32k_32bit_2c_ZDA-Q0-E16-R1024/./04-bonhemian_rhapsody.wav 32000 2 0.0 16.0 1024.0 279474.4 8.734 912159 7966410/7439635/42768/165451/318550
RESULT: set_opus_comparison/32k_32bit_2c_ZDA-Q0-E32-R1024/./04-liberate.wav 32000 2 0.0 32.0 1024.0 288409.8 9.013 160229 1444113/1353270/3768/30019/57050
RESULT: set_opus_comparison/32k_32bit_2c_ZDA-Q0-E32-R1024/./03-12-German-male-speech.441.wav 32000 2 0.0 32.0 1024.0 300351.3 9.386 250884 2354792/2182452/5904/63580/102850
RESULT: set_opus_comparison/32k_32bit_2c_ZDA-Q0-E32-R1024/./03-4-Sound-English-male.441.wav 32000 2 0.0 32.0 1024.0 311810.1 9.744 288900 2815061/2631864/6792/66209/110190
RESULT: set_opus_comparison/32k_32bit_2c_ZDA-Q0-E32-R1024/./03-25-This-is-the-end.441.wav 32000 2 0.0 32.0 1024.0 293555.5 9.174 293899 2696115/2541782/6912/54285/93130
RESULT: set_opus_comparison/32k_32bit_2c_ZDA-Q0-E32-R1024/./03-21-classic.441.wav 32000 2 0.0 32.0 1024.0 395042.8 12.345 308996 3814583/3626011/7248/45518/135800
RESULT: set_opus_comparison/32k_32bit_2c_ZDA-Q0-E32-R1024/./03-27-last-song-drums-and-trampets.441.wav 32000 2 0.0 32.0 1024.0 277299.5 8.666 318900 2763463/2589384/7488/52965/113620
RESULT: set_opus_comparison/32k_32bit_2c_ZDA-Q0-E32-R1024/./01-trumpet.wav 32000 2 0.0 32.0 1024.0 339691.4 10.615 320992 3407444/3130366/7536/55506/214030
RESULT: set_opus_comparison/32k_32bit_2c_ZDA-Q0-E32-R1024/./01-velvet.wav 32000 2 0.0 32.0 1024.0 298159.4 9.317 380114 3541705/3347902/8928/77869/107000
RESULT: set_opus_comparison/32k_32bit_2c_ZDA-Q0-E32-R1024/./04-Coral.wav 32000 2 0.0 32.0 1024.0 304632.9 9.520 406434 3869161/3638653/9528/85514/135460
RESULT: set_opus_comparison/32k_32bit_2c_ZDA-Q0-E32-R1024/./05-Girl_In_The_Fire__Sample_.wav 32000 2 0.0 32.0 1024.0 386377.1 12.074 439754 5309715/5058012/10320/74657/166720
RESULT: set_opus_comparison/32k_32bit_2c_ZDA-Q0-E32-R1024/./04-clapton_44k.wav 32000 2 0.0 32.0 1024.0 257602.2 8.050 479566 3860540/3609471/11256/91157/148650
RESULT: set_opus_comparison/32k_32bit_2c_ZDA-Q0-E32-R1024/./01-girl.wav 32000 2 0.0 32.0 1024.0 250093.2 7.815 510639 3990855/3627210/11976/127853/223810
RESULT: set_opus_comparison/32k_32bit_2c_ZDA-Q0-E32-R1024/./03-15-Good-evening.441.wav 32000 2 0.0 32.0 1024.0 400980.6 12.531 274105 3434712/3258353/6432/57101/112820
RESULT: set_opus_comparison/32k_32bit_2c_ZDA-Q0-E32-R1024/./02-Shinsho_pool_3min45_4min4.wav 32000 2 0.0 32.0 1024.0 382583.2 11.956 605574 7240076/6936493/14208/73799/215570
RESULT: set_opus_comparison/32k_32bit_2c_ZDA-Q0-E32-R1024/./02-Greatest_Love_of_All_2min57.wav 32000 2 0.0 32.0 1024.0 299908.5 9.372 645700 6051592/5674279/15144/124113/238050
RESULT: set_opus_comparison/32k_32bit_2c_ZDA-Q0-E32-R1024/./02-Hey_Tonight.wav 32000 2 0.0 32.0 1024.0 300054.3 9.377 640000 6001086/5617721/15000/129899/238460
RESULT: set_opus_comparison/32k_32bit_2c_ZDA-Q0-E32-R1024/./04-ExitMusic.wav 32000 2 0.0 32.0 1024.0 253299.7 7.916 643394 5092860/4724329/15096/134849/218580
RESULT: set_opus_comparison/32k_32bit_2c_ZDA-Q0-E32-R1024/./01-Waiting.wav 32000 2 0.0 32.0 1024.0 290914.0 9.091 644957 5863345/5441244/15120/161095/245880
RESULT: set_opus_comparison/32k_32bit_2c_ZDA-Q0-E32-R1024/./04-take_your_finger_from_my_hair.wav 32000 2 0.0 32.0 1024.0 307664.2 9.615 706946 6796937/6446503/16584/122804/211040
RESULT: set_opus_comparison/32k_32bit_2c_ZDA-Q0-E32-R1024/./02-TrosYGareg.wav 32000 2 0.0 32.0 1024.0 290698.3 9.084 713741 6483854/6107897/16752/130669/228530
RESULT: set_opus_comparison/32k_32bit_2c_ZDA-Q0-E32-R1024/./03-9-Have-big-expensive-car.441.wav 32000 2 0.0 32.0 1024.0 268807.1 8.400 310618 2609260/2447269/7296/59939/94750
RESULT: set_opus_comparison/32k_32bit_2c_ZDA-Q0-E32-R1024/./05-Only_Time.wav 32000 2 0.0 32.0 1024.0 294374.8 9.199 789476 7262558/6824999/18504/149149/269900
RESULT: set_opus_comparison/32k_32bit_2c_ZDA-Q0-E32-R1024/./05-Last_Of_The_Mohicanz__Sample_.wav 32000 2 0.0 32.0 1024.0 255712.8 7.991 815398 6515865/6122557/19128/157124/217050
RESULT: set_opus_comparison/32k_32bit_2c_ZDA-Q0-E32-R1024/./04-sandman.wav 32000 2 0.0 32.0 1024.0 301581.4 9.424 960073 9048130/8530361/22512/180851/314400
RESULT: set_opus_comparison/32k_32bit_2c_ZDA-Q0-E32-R1024/./05-Through_The_Fire_And_Flames.wav 32000 2 0.0 32.0 1024.0 256952.2 8.030 953255 7654405/7196157/22344/169378/266520
RESULT: set_opus_comparison/32k_32bit_2c_ZDA-Q0-E32-R1024/./04-NewYorkCity.wav 32000 2 0.0 32.0 1024.0 215920.1 6.748 955175 6445046/6018759/22392/162569/241320
RESULT: set_opus_comparison/32k_32bit_2c_ZDA-Q0-E32-R1024/./02-The_Chastising_of_Renegade.wav 32000 2 0.0 32.0 1024.0 248631.2 7.770 640000 4972624/4629614/15000/118954/209050
RESULT: set_opus_comparison/32k_32bit_2c_ZDA-Q0-E32-R1024/./01-35_SQAM_glockenspiel_cut.wav 32000 2 0.0 32.0 1024.0 373638.8 11.676 750408 8761924/8512059/17592/66847/165420
RESULT: set_opus_comparison/32k_32bit_2c_ZDA-Q0-E32-R1024/./02-Asleep__4.11-4.31_.wav 32000 2 0.0 32.0 1024.0 282859.8 8.839 640000 5657197/5331565/15000/116556/194070
RESULT: set_opus_comparison/32k_32bit_2c_ZDA-Q0-E32-R1024/./03-24-Greensleeves-Korean-male-speech.441.wav 32000 2 0.0 32.0 1024.0 337460.9 10.546 279040 2942659/2750648/6552/61083/124370
RESULT: set_opus_comparison/32k_32bit_2c_ZDA-Q0-E32-R1024/./01-Robots_old.wav 32000 2 0.0 32.0 1024.0 279644.7 8.739 960000 8389341/7882410/22512/178013/306400
RESULT: set_opus_comparison/32k_32bit_2c_ZDA-Q0-E32-R1024/./05-Hotel_California.wav 32000 2 0.0 32.0 1024.0 232285.8 7.259 984390 7145618/6675798/23088/172656/274070
RESULT: set_opus_comparison/32k_32bit_2c_ZDA-Q0-E32-R1024/./02-SlavesOfFear.wav 32000 2 0.0 32.0 1024.0 227063.5 7.096 704000 4995397/4671112/16512/128007/179760
RESULT: set_opus_comparison/32k_32bit_2c_ZDA-Q0-E32-R1024/./05-With_Love_(Outro).wav 32000 2 0.0 32.0 1024.0 190191.0 5.943 524900 3119727/2808855/12312/98054/200500
RESULT: set_opus_comparison/32k_32bit_2c_ZDA-Q0-E32-R1024/./01-SinceAlways.wav 32000 2 0.0 32.0 1024.0 261904.8 8.185 582124 4764409/4470338/13656/99979/180430
RESULT: set_opus_comparison/32k_32bit_2c_ZDA-Q0-E32-R1024/./05-Changes.wav 32000 2 0.0 32.0 1024.0 334517.4 10.454 957814 10012669/9535510/22464/178959/275730
RESULT: set_opus_comparison/32k_32bit_2c_ZDA-Q0-E32-R1024/./05-Jupiter,_the_Bringer_of_Jolity.wav 32000 2 0.0 32.0 1024.0 312090.7 9.753 935493 9123707/8615184/21936/166991/319590
RESULT: set_opus_comparison/32k_32bit_2c_ZDA-Q0-E32-R1024/./02-Severance__1.31-1.51_.wav 32000 2 0.0 32.0 1024.0 370836.8 11.589 640000 7416735/7057572/15000/143187/200970
RESULT: set_opus_comparison/32k_32bit_2c_ZDA-Q0-E32-R1024/./04-bonhemian_rhapsody.wav 32000 2 0.0 32.0 1024.0 275991.0 8.625 912159 7867116/7383316/21384/162030/300380
RESULT: set_opus_comparison/32k_32bit_2c_ZDA-Q0-E32-R1024/./01-Can't_Wait_Until_Tonight_(Dry_Wurlitzer_Mix).wav 32000 2 0.0 32.0 1024.0 273866.5 8.558 957867 8197740/7626864/22464/205546/342860
